007054
000791
006700
003792
002016
005834
005218
23-7
001848
007308
003824
001968
03
004959
20-10
24-2
23-14
008965
40-9
002540
06-4
008349
006998
003070
27-4
003086
005039
007401
06-3
003022
007102
005602
004575
008333
003880
007076
003848
005666
003567
007641
22-11
006352
005055
004615
005866
008493
002404
005186
004879
003808
004479
003976
000609
007733
006580
007342
20-5
006684
004927
002909
005114
004815
008413
008573
005003
004951
005923
008485
003687
002226
006376
002095
003142
003511
006905
004783
000163
004343
007310
29-1
004975
002175
007617
04-2
004759
004591
23-12
29-3
002981
22-9
002941
29-8
005130
11-5
003960
18
12-2
002740
11-4
000993
003743
04
002644
14-4
006932
007813
001060
007070
03-3
11-1
004100
002781
004145
002079
04-3
008509
006620
001646
006488
004623
005465
000988
002159
000617
002195
07-2
006652
001760
003856
002179
008597
07-1
006548
003009
001638
005467
000860
005369
006416
002837
004268
002524
003350
08-4
001816
003326
006596
08-1
004265
002151
003864
004201
007869
32-5
005178
12-5
008429
08
14-1
004919
007697
005210
007252
003286
001036
27-1
003102
005051
004313
007346
004327
007294
005019
20-7
23-2
002099
000629
004113
000580
002989
003174
000179
003278
002805
005802
005898
006456
001832
000139
001864
008645
12-6
008781
006496
004663
001904
003535
003800
000630
004823
004839
003262
004049
002877
005162
18-2
000365
006908
003366
007142
008885
002143
004407
000841
000445
005810
004137
006408
004519
007561
008357
12
004679
003719
08-8
000929
008797
000839
002412
002127
006756
008877
14-14
000405
004631
004204
005304
000187
29-5
22-5
25-4
004124
005278
002750
003599
001004
002588
002684
001784
004703
008693
002119
008373
004302
008733
14-13
000817
09-2
007665
008661
008541
003759
007332
002035
003767
22
18-1
000509
008749
004895
39-1
002071
23-13
14
003462
001840
007262
09-1
006740
008613
002358
20
007204
18-5
002580
007324
002993
000333
005722
007601
004246
002051
008461
002111
39
000211
08-9
002380
004530
000865
14-5
001028
004687
03-2
001076
005570
002933
000357
005578
003318
000485
007502
005850
003134
002246
008477
007166
002476
003398
007244
000267
008669
000601
004033
002382
000807
004108
007773
002420
002163
001084
004105
003438
000429
000605
008501
002340
002107
006564
004447
002187
23-15
007092
004308
002428
002885
000660
002829
002789
007649
000389
40-1
004943
006748
007028
000985
007060
09-3
005674
006424
007124
001622
001092
004751
12-3
23-4
000341
007260
002364
008549
004140
003896
29
004455
002742
000437
001052
008853
005266
008301
002230
005690
08-5
006921
000493
003503
22-2
004367
005234
000501
008757
003038
27
03-1
007302
002366
007084
000913
002845
002139
007268
008317
004129
004236
001108
004092
007545
006644
29-4
007765
18-3
002508
003543
09-4
002700
004180
000897
004257
004487
005899
000799
004169
003888
004073
002708
000597
002949
004671
002925
007116
006636
003342
002147
000453
003182
004711
008917
008949
008829
27-2
005738
003912
23-11
25-3
007172
008557
003735
004238
002853
003703
007206
004097
29-7
005930
007497
000937
002254
29-2
005914
003695
000849
002636
001116
008933
006432
005242
008309
002602
008845
10
008381
003054
007062
007236
000107
002444
002516
007805
007046
007409
004647
008741
000953
007326
002660
008869
002390
003078
007132
004471
007797
001856
003470
20-9
008437
002556
001044
32-3
005618
004148
004297
000645
001792
006708
005931
002957
005890
000147
003952
004727
007369
007489
007518
002985
007789
002500
08-3
004260
004193
002406
008341
004562
005401
007340
20-11
002917
004276
003679
003631
005730
005891
003968
005610
005714
004871
004214
002103
004228
007534
004270
000373
004767
005027
002374
20-3
007330
18-6
003832
007148
003422
005907
003302
005047
004252
008861
008445
000905
004719
004320
002008
002460
006868
000115
007254
003575
007086
005794
007845
004089
004935
004278
004863
007174
008405
004156
008525
001952
002027
003647
003166
002000
005650
40-2
004375
008989
000219
005770
003495
004318
07-4
000349
008973
004554
006392
007276
000637
000621
004695
004172
007853
000381
29-6
000259
004289
004607
006368
004188
002316
003751
003904
008909
002977
006716
27-10
003270
23
007473
007100
005594
004967
003030
005007
008978
006556
006540
008605
006897
002234
007212
004233
002532
22-8
004057
004017
002395
000921
008685
07-3
002052
004887
11-3
32-6
004008
008565
008957
000477
000413
002436
002724
007022
007741
007526
007781
000613
002797
003390
007433
001752
007861
002059
003527
007505
007494
007361
000996
004847
12-1
25-2
008725
14-3
002396
20-6
008837
000668
003206
006876
002869
008925
006464
007036
005786
006588
002087
23-10
002861
006532
004206
004305
004190
007529
007385
007441
006660
005011
000881
004185
007334
007348
004655
005035
007338
003094
005288
003118
000847
004599
007457
007425
007673
005754
005586
005452
005746
008629
005658
001009
008421
22-3
10-1
002756
000873
006572
005826
001654
002468
32-2
000397
008621
000815
003310
004220
001936
007510
004351
007214
007228
006913
004121
002044
003639
002250
40-5
04-1
004000
000977
007465
005090
004391
003382
39-5
007180
007238
003583
10-2
32-1
07
08-2
004132
005313
006929
004639
007190
003551
004423
003334
004281
001800
007078
007513
006724
002238
008453
001163
003430
002997
006916
004511
000283
002276
002083
007156
001888
007134
000961
27-11
004065
007537
004775
001984
002043
004335
003816
003374
000593
002676
007757
008970
001944
006524
008701
000585
11
23-3
002131
007837
000203
007118
14-2
24-4
24-3
12-4
008981
20-2
14-12
005915
003005
004249
000833
07-5
005858
007449
004383
40
005818
007353
004286
27-8
002732
001920
005371
09
007705
008397
004230
002668
007270
004041
002773
000742
007316
002652
007689
004225
004538
002813
007068
006612
007350
002067
005250
007158
001768
004503
000649
27-12
008893
008765
000421
004309
002123
004244
007030
002692
007284
005682
006384
007521
000969
004995
06
006940
008365
000552
007094
007681
002063
008469
008821
14-9
007609
06-2
002242
000783
24-1
007417
004743
007278
004546
002901
25
003238
005906
002060
20-12
001776
007188
008805
002821
002372
001928
005562
008717
001017
006480
11-2
007164
004025
005106
08-10
001100
005626
004196
004198
004791
005353
003110
007286
004983
006440
008901
27-9
007020
003414
005226
007713
32
22-10
23-1
006937
004177
007014
000461
24
004217
005514
002167
004439
004431
001960
008653
007044
006892
004241
005194
